datos = (98,81,73,69,81,78,87,83,87,89,89,64,78,
79,93,69,82,139,122,101,85,83,
49,82,107,123,53,92,67,39,79,74,84,52,113,
78,83,71,112,80,91,77,60,83,95,118,103,80,78,86,67,70,116,
71,52,74,101,71,61,76,109,110,74,53,29,87,82,95,67,112,78,84,
111,125,39,88,35,72,80,69,95,83,90,73,86,65,61,112,74,96,120,
66,96,100,86,85,95,96,84,84,99,52,101,93,71,76,113,101,97,77,85,
107,111,65,62,50,94,86,95,94,87,113,111,80,93,89,87,78,63,96,
89,79,118,73,85,86,81,102,122,58,124,103,48,88,79,115,65,68,
68,112,89,30,85,54,98,132,74,87,89,90,75,88,74,94,99,70,87,
113,62,52,22,109,78,109,71,112,103,66,72,95,100,94,92,95,98,
61,85,76,106,89,66,121,60,66,68,140,90,72,82,82,79,79,68,77,
63,108,85,69,103,78,110,88,79,55,118,52,86,79,52,69,80,57,75,
97,76,79,70,72,88,70,113,91,60,92,107,50,83,90,97,123,93,122,
69,58,67,82,84,71,99,105,82,68,24,79,68,105,100,86,75,88,
90,60,54,73,97,86,90,110,66,104,109,96,95,86,104,89,109,56,
26,78,124,102,72,104,95,122,103,80,64,88,101,124,98,86,77,85,
87,92,121,107,59,70,71,89,103,86,114,110,61,61,125,82,75,113,
98,62,73,68,88,91,82,101,79,36,58,90,49,77,138,113,70)
